 0.100000 0.099987 0.100000
 0.100000 0.099987 0.100000
 0.100000 0.099987 0.100000
 0.099987 0.099987 0.100000
 0.099987 0.099975 0.100000
 0.099987 0.099975 0.100000
 0.099987 0.099975 0.100000
 0.099987 0.099975 0.100000
 0.099987 0.099975 0.100000
 0.099987 0.099975 0.099987
 0.099987 0.099962 0.099987
 0.099987 0.099962 0.099987
 0.099987 0.099962 0.099987
 0.099987 0.099962 0.099987
 0.099987 0.099962 0.099987
 0.099987 0.099950 0.099987
 0.099987 0.099950 0.099987
 0.099987 0.099950 0.099975
 0.099987 0.099937 0.099975
 0.099987 0.099937 0.099975
 0.099987 0.099937 0.099975
 0.099987 0.099937 0.099975
 0.099987 0.099937 0.099962
 0.099987 0.099937 0.099962
 0.099987 0.099937 0.099950
 0.099987 0.099937 0.099937
 0.099988 0.100387 0.100162
 0.099988 0.100387 0.100162
 0.099988 0.100387 0.100162
 0.099988 0.100387 0.100162
 0.099988 0.100375 0.100162
 0.099988 0.100375 0.100162
 0.099988 0.100375 0.100162
 0.099988 0.100375 0.100162
 0.099988 0.100375 0.100162
 0.099975 0.100375 0.100162
 0.099975 0.100375 0.100162
 0.099975 0.100375 0.100162
 0.099975 0.100362 0.100162
 0.099975 0.100362 0.100162
 0.099975 0.100375 0.100162
 0.099975 0.100375 0.100162
 0.099975 0.100375 0.100162
 0.099975 0.100375 0.100162
 0.099975 0.100362 0.100162
 0.099975 0.100362 0.100162
 0.099975 0.100362 0.100162
 0.099975 0.100362 0.100162
 0.099962 0.100362 0.100162
 0.099962 0.100362 0.100162
 0.099962 0.100362 0.100162
 0.099962 0.100362 0.100150
 0.099962 0.100362 0.100150
 0.099962 0.100362 0.100150
 0.099962 0.100362 0.100150
 0.099962 0.100362 0.100150
 0.099963 0.100587 0.100487
 0.099963 0.100574 0.100487
 0.099963 0.100574 0.100487
 0.099963 0.100574 0.100487
 0.099963 0.100562 0.100487
 0.099963 0.100562 0.100487
 0.099963 0.100562 0.100487
 0.099963 0.100551 0.100487
 0.099963 0.100551 0.100487
 0.099963 0.100538 0.100487
 0.099963 0.100526 0.100487
 0.099963 0.100526 0.100487
 0.099963 0.100526 0.100487
 0.099963 0.100526 0.100476
 0.099962 0.100539 0.100476
 0.099962 0.100539 0.100476
 0.099962 0.100539 0.100476
 0.099962 0.100526 0.100476
 0.099962 0.100526 0.100476
 0.099962 0.100526 0.100476
 0.099962 0.100526 0.100476
 0.099962 0.100526 0.100476
 0.099962 0.100526 0.100464
 0.099962 0.100526 0.100464
 0.099962 0.100514 0.100464
 0.099962 0.100514 0.100464
 0.099950 0.100514 0.100464
 0.099950 0.100514 0.100464
 0.099950 0.100514 0.100451
 0.099950 0.100514 0.100451
 0.099950 0.100514 0.100451
 0.099950 0.100514 0.100451
 0.099950 0.100514 0.100451
 0.099950 0.100502 0.100451
 0.099950 0.100502 0.100451
 0.099937 0.100502 0.100451
 0.099937 0.100502 0.100451
 0.099937 0.100502 0.100451
 0.099937 0.100502 0.100439
 0.099938 0.100502 0.100663
 0.099938 0.100502 0.100663
 0.099938 0.100502 0.100663
 0.099938 0.100502 0.100663
 0.099938 0.100502 0.100650
 0.099938 0.100502 0.100650
 0.099938 0.100502 0.100638
 0.099938 0.100502 0.100638
 0.099938 0.100502 0.100638
 0.099938 0.100502 0.100625
 0.099938 0.100502 0.100613
 0.099938 0.100489 0.100613
 0.099938 0.100489 0.100613
 0.099938 0.100477 0.100613
 0.099938 0.100477 0.100613
 0.099938 0.100477 0.100613
 0.099938 0.100477 0.100600
 0.099938 0.100477 0.100600
 0.099938 0.100477 0.100600
 0.099938 0.100477 0.100600
 0.099938 0.100477 0.100600
 0.099938 0.100477 0.100600
 0.099938 0.100477 0.100600
 0.099938 0.100477 0.100600
 0.099938 0.100477 0.100600
 0.099925 0.100477 0.100600
 0.099913 0.100477 0.100600
 0.099913 0.100464 0.100600
 0.099913 0.100452 0.100600
 0.099913 0.100452 0.100588
 0.099913 0.100439 0.100588
 0.099913 0.100439 0.100588
 0.099913 0.100439 0.100576
 0.099913 0.100439 0.100576
 0.099901 0.100439 0.100576
 0.099901 0.100427 0.100576
 0.099901 0.100651 0.100799
 0.099901 0.100651 0.100799
 0.099901 0.100651 0.100799
 0.099901 0.100664 0.100800
 0.099901 0.100664 0.100800
 0.099901 0.100664 0.100800
 0.099889 0.100664 0.100800
 0.099889 0.100888 0.101360
 0.099889 0.100875 0.101360
 0.099889 0.100863 0.101360
 0.099889 0.100850 0.101360
 0.099889 0.100850 0.101360
 0.099889 0.100838 0.101360
 0.099889 0.100838 0.101348
 0.099889 0.100838 0.101348
 0.099889 0.100839 0.101362
 0.099889 0.100839 0.101362
 0.099889 0.100839 0.101362
 0.099889 0.100826 0.101362
 0.099889 0.100826 0.101362
 0.099889 0.100814 0.101362
 0.099889 0.100827 0.101364
 0.099889 0.100827 0.101364
 0.099889 0.100827 0.101364
 0.099889 0.100827 0.101364
 0.099889 0.100827 0.101364
 0.099889 0.100827 0.101364
 0.099889 0.100827 0.101351
 0.099889 0.100827 0.101351
 0.099876 0.100827 0.101351
 0.099876 0.100827 0.101351
 0.099876 0.100827 0.101351
 0.099876 0.100841 0.101353
 0.099876 0.100841 0.101353
 0.099876 0.100841 0.101340
 0.099876 0.100829 0.101340
 0.099876 0.100830 0.101355
 0.099876 0.100817 0.101355
 0.099876 0.100817 0.101342
 0.099863 0.100817 0.101342
 0.099863 0.100805 0.101342
 0.099863 0.100805 0.101342
 0.099863 0.100805 0.101330
 0.099863 0.100805 0.101330
 0.099976 0.100805 0.101442
 0.099976 0.100805 0.101442
 0.099964 0.100805 0.101442
 0.099964 0.100805 0.101442
 0.099964 0.100792 0.101442
 0.099964 0.100792 0.101442
 0.099964 0.100779 0.101442
 0.099964 0.100779 0.101442
 0.099964 0.100767 0.101442
 0.099964 0.100767 0.101430
 0.099940 0.100767 0.101430
 0.099940 0.100767 0.101430
 0.099940 0.100767 0.101430
 0.099940 0.100767 0.101430
 0.099940 0.100767 0.101417
 0.099940 0.100754 0.101417
 0.099940 0.100754 0.101417
 0.099927 0.100754 0.101417
 0.099927 0.100755 0.101432
 0.099927 0.101296 0.102050
 0.099927 0.101296 0.102038
 0.099927 0.101310 0.102040
 0.099927 0.101310 0.102040
 0.099927 0.101310 0.102040
 0.099927 0.101310 0.102040
 0.099927 0.101310 0.102028
 0.099927 0.101297 0.102028
 0.099927 0.101297 0.102028
 0.099927 0.101297 0.102028
 0.099915 0.101297 0.102028
 0.099915 0.101285 0.102028
 0.099915 0.101285 0.102015
 0.099915 0.101274 0.102015
 0.099915 0.101274 0.102015
 0.099915 0.101261 0.102015
 0.099915 0.101261 0.102015
 0.099915 0.101261 0.102003
 0.099915 0.101261 0.102003
 0.099915 0.101261 0.102003
 0.099915 0.101261 0.102003
 0.099915 0.101261 0.102003
 0.099915 0.101261 0.102003
 0.099915 0.101261 0.102003
 0.099915 0.101261 0.101990
 0.099915 0.101261 0.101990
 0.099915 0.101261 0.101990
 0.099902 0.101261 0.101990
 0.099902 0.101261 0.101990
 0.099902 0.101598 0.102213
 0.099890 0.101598 0.102213
 0.099890 0.101598 0.102213
 0.099890 0.101598 0.102201
 0.099890 0.101598 0.102201
 0.099890 0.101934 0.102648
 0.099890 0.101949 0.102652
 0.099890 0.101936 0.102652
 0.099890 0.101936 0.102652
 0.099890 0.101936 0.102652
 0.099890 0.101936 0.102652
 0.099890 0.101936 0.102652
 0.099890 0.101936 0.102652
 0.099877 0.101936 0.102652
 0.099877 0.101924 0.102652
 0.099877 0.101924 0.102639
 0.099877 0.101924 0.102639
 0.099877 0.101924 0.102639
 0.099877 0.101924 0.102639
 0.099877 0.101924 0.102639
 0.099877 0.101911 0.102639
 0.099877 0.101911 0.102639
 0.099865 0.101911 0.102639
 0.099865 0.101911 0.102639
 0.099865 0.101911 0.102639
 0.099865 0.101911 0.102639
 0.099865 0.101911 0.102639
 0.099865 0.101911 0.102639
 0.099865 0.101911 0.102639
 0.099865 0.101911 0.102639
 0.099865 0.101898 0.102639
 0.099865 0.101886 0.102639
 0.099865 0.101873 0.102639
 0.099865 0.101873 0.102639
 0.099864 0.101876 0.102655
 0.099864 0.101876 0.102655
 0.099864 0.101876 0.102642
 0.099864 0.101876 0.102642
 0.099864 0.101876 0.102630
 0.099864 0.101876 0.102630
 0.099864 0.101863 0.102630
 0.099852 0.101863 0.102630
 0.099852 0.101863 0.102630
 0.099852 0.101851 0.102630
 0.099839 0.101851 0.102630
 0.099839 0.101851 0.102630
 0.099839 0.101851 0.102630
 0.099839 0.101838 0.102630
 0.099839 0.101838 0.102630
 0.099839 0.101838 0.102617
 0.099839 0.101838 0.102617
 0.099839 0.101838 0.102617
 0.099839 0.101838 0.102617
 0.099839 0.101838 0.102617
 0.099839 0.101826 0.102617
 0.099839 0.101826 0.102617
 0.099839 0.101813 0.102617
 0.099839 0.101813 0.102605
 0.099839 0.101813 0.102605
 0.099839 0.101801 0.102605
 0.099839 0.101801 0.102592
 0.099839 0.101801 0.102592
 0.099839 0.101801 0.102592
 0.099828 0.101801 0.102592
 0.099828 0.101801 0.102592
 0.099828 0.101788 0.102592
 0.099828 0.101788 0.102592
 0.099828 0.101788 0.102592
 0.099828 0.101788 0.102581
 0.099828 0.101788 0.102581
 0.099828 0.101788 0.102568
 0.099816 0.101788 0.102568
 0.099816 0.101788 0.102568
 0.099803 0.101788 0.102568
 0.099803 0.101788 0.102556
 0.099803 0.101788 0.102556
 0.099803 0.101788 0.102556
 0.099803 0.101788 0.102556
 0.099790 0.101788 0.102556
 0.099790 0.101775 0.102556
 0.099790 0.101764 0.102556
 0.099790 0.101752 0.102556
 0.099790 0.101752 0.102556
 0.099790 0.101752 0.102556
 0.099790 0.101752 0.102543
 0.099790 0.101739 0.102543
 0.099790 0.101739 0.102543
 0.099778 0.101739 0.102543
 0.099778 0.101726 0.102543
 0.099778 0.101726 0.102543
 0.099778 0.101726 0.102543
 0.099778 0.101726 0.102543
 0.099778 0.101726 0.102532
 0.099778 0.101726 0.102532
 0.099778 0.101714 0.102532
 0.099778 0.101716 0.102548
 0.099778 0.101704 0.102548
 0.099778 0.101692 0.102548
 0.099778 0.101692 0.102535
 0.099777 0.101694 0.102551
 0.099777 0.101694 0.102538
 0.099777 0.101696 0.102554
 0.099777 0.101684 0.102554
 0.099777 0.101684 0.102554
 0.099777 0.101684 0.102554
 0.099764 0.101684 0.102554
 0.099764 0.101684 0.102554
 0.099764 0.101684 0.102554
 0.099764 0.101684 0.102554
 0.099764 0.101684 0.102554
 0.099764 0.101671 0.102554
 0.099764 0.101671 0.102554
 0.099764 0.101671 0.102554
 0.099764 0.101671 0.102554
 0.099764 0.101671 0.102554
 0.099764 0.101671 0.102554
 0.099764 0.101686 0.102557
 0.099764 0.101686 0.102557
 0.099764 0.101686 0.102557
 0.099764 0.101686 0.102546
 0.099764 0.101673 0.102546
 0.099764 0.101673 0.102546
 0.099764 0.101673 0.102546
 0.099764 0.101673 0.102533
 0.099764 0.101673 0.102533
 0.099764 0.101673 0.102533
 0.099764 0.101673 0.102533
 0.099764 0.101673 0.102521
 0.099764 0.101673 0.102521
 0.099764 0.101673 0.102521
 0.099764 0.101673 0.102521
 0.099764 0.101661 0.102521
 0.099764 0.101661 0.102521
 0.099764 0.101661 0.102521
 0.099764 0.101661 0.102508
 0.099764 0.101661 0.102508
 0.099752 0.101661 0.102508
 0.099752 0.101661 0.102508
 0.099752 0.101661 0.102508
 0.099752 0.101661 0.102508
 0.099752 0.101661 0.102496
 0.099739 0.101661 0.102496
 0.099739 0.101661 0.102496
 0.099739 0.101661 0.102483
 0.099739 0.101648 0.102483
 0.099739 0.101648 0.102483
 0.099739 0.101648 0.102483
 0.099726 0.101648 0.102483
 0.099714 0.101648 0.102483
 0.099701 0.101648 0.102483
 0.099701 0.101648 0.102483
 0.099701 0.101648 0.102483
 0.099701 0.101648 0.102483
 0.099701 0.101648 0.102470
 0.099702 0.101861 0.103113
 0.099702 0.101861 0.103113
 0.099702 0.101861 0.103113
 0.099702 0.101861 0.103113
 0.099702 0.101861 0.103113
 0.099702 0.101861 0.103101
 0.099702 0.101861 0.103101
 0.099702 0.101861 0.103101
 0.099702 0.101861 0.103101
 0.099702 0.101861 0.103101
 0.099702 0.101849 0.103101
 0.099702 0.101849 0.103088
 0.099702 0.101849 0.103088
 0.099702 0.101849 0.103076
 0.099702 0.101849 0.103076
 0.099702 0.101849 0.103076
 0.099702 0.101849 0.103076
 0.099702 0.101849 0.103076
 0.099702 0.101849 0.103064
 0.099702 0.101849 0.103064
 0.099702 0.101849 0.103064
 0.099702 0.101849 0.103064
 0.099702 0.101849 0.103052
 0.099689 0.101849 0.103052
 0.099689 0.101849 0.103052
 0.099689 0.101849 0.103052
 0.099689 0.101849 0.103052
 0.099689 0.101849 0.103052
 0.099676 0.101849 0.103052
 0.099676 0.101849 0.103052
 0.099676 0.101849 0.103052
 0.099676 0.101849 0.103052
 0.099676 0.101836 0.103052
 0.099676 0.101836 0.103052
 0.099676 0.101836 0.103052
 0.099676 0.101836 0.103052
 0.099676 0.101836 0.103052
 0.099676 0.101836 0.103052
 0.099676 0.101836 0.103052
 0.099676 0.101824 0.103052
 0.099676 0.101824 0.103052
 0.099676 0.101824 0.103052
 0.099676 0.101824 0.103052
 0.099676 0.101811 0.103052
 0.099676 0.101811 0.103052
 0.099676 0.101811 0.103052
 0.099676 0.101811 0.103039
 0.099664 0.101811 0.103039
 0.099664 0.101811 0.103026
 0.099664 0.101811 0.103014
 0.099664 0.101811 0.103003
 0.099664 0.101811 0.103003
 0.099663 0.101813 0.103019
 0.099663 0.101813 0.103019
 0.099664 0.102264 0.103355
 0.099664 0.102264 0.103355
 0.099664 0.102264 0.103355
 0.099664 0.102264 0.103355
 0.099664 0.102264 0.103355
 0.099651 0.102264 0.103355
 0.099651 0.102264 0.103343
 0.099651 0.102280 0.103347
 0.099651 0.102280 0.103334
 0.099651 0.102280 0.103322
 0.099651 0.102280 0.103322
 0.099651 0.102280 0.103322
 0.099651 0.102280 0.103322
 0.099650 0.102295 0.103212
 0.099650 0.102295 0.103212
 0.099638 0.102295 0.103212
 0.099638 0.102295 0.103199
 0.099638 0.102295 0.103199
 0.099638 0.102295 0.103199
 0.099638 0.102295 0.103199
 0.099625 0.102295 0.103199
 0.099625 0.102295 0.103199
 0.099625 0.102295 0.103199
 0.099625 0.102295 0.103199
 0.099625 0.102283 0.103199
 0.099625 0.102283 0.103199
 0.099625 0.102283 0.103187
 0.099625 0.102270 0.103187
 0.099625 0.102270 0.103174
 0.099625 0.102270 0.103174
 0.099625 0.102270 0.103174
 0.099625 0.102270 0.103162
 0.099625 0.102270 0.103162
 0.099625 0.102270 0.103162
 0.099625 0.102270 0.103162
 0.099625 0.102270 0.103162
 0.099625 0.102270 0.103162
 0.099625 0.102270 0.103162
 0.099625 0.102286 0.103166
 0.099625 0.102286 0.103153
